theta s11 s12 s13 s14 s21 s22 s23 s24 s31 s32 s33 s34 s41 s42 s43 s44
0.00 1.4154797972E+02 0.0000000000E+00 0.0000000000E+00 5.3927618588E-12 0.0000000000E+00 1.4154797972E+02 -6.2018348206E-11 0.0000000000E+00 0.0000000000E+00 6.2018348206E-11 1.4154797972E+02 0.0000000000E+00 5.3927618588E-12 0.0000000000E+00 0.0000000000E+00 1.4154797972E+02
1.00 1.4140075516E+02 -5.8903787851E-03 4.3948338091E-12 8.1397907146E-13 -5.8903787851E-03 1.4140075516E+02 -6.6387609865E-11 4.5628256542E-12 4.3921255698E-12 6.6387105562E-11 1.4140075469E+02 9.9513429964E-03 8.1386004528E-13 -4.5675316946E-12 -9.9513429964E-03 1.4140075469E+02
2.00 1.4095992252E+02 -2.3466972929E-02 8.7636511930E-12 -3.7818148010E-12 -2.3466972929E-02 1.4095992252E+02 -7.0666601697E-11 9.1103927593E-12 8.7508215374E-12 7.0662574775E-11 1.4095991497E+02 3.9706966955E-02 -3.7827633244E-12 -9.1296685763E-12 -3.9706966955E-02 1.4095991497E+02
3.00 1.4022799765E+02 -5.2447618982E-02 1.3087566651E-11 -8.3842032242E-12 -5.2447618982E-02 1.4022799765E+02 -7.4837970949E-11 1.3631474726E-11 1.3054257854E-11 7.4824419157E-11 1.4022795961E+02 8.8972729755E-02 -8.3873898458E-12 -1.3675817665E-11 -8.8972729755E-02 1.4022795961E+02
4.00 1.3920914962E+02 -9.2366897557E-02 1.7349373997E-11 -1.2980673672E-11 -9.2366897557E-02 1.3920914962E+02 -7.8883037729E-11 1.8114769797E-11 1.7282376499E-11 7.8851039057E-11 1.3920903015E+02 1.5726195766E-01 -1.2988189033E-11 -1.8195249119E-11 -1.5726195766E-01 1.3920903015E+02
5.00 1.3790916496E+02 -1.4258332877E-01 2.1529444694E-11 -1.7560529610E-11 -1.4258332877E-01 1.3790916496E+02 -8.2785130757E-11 2.2549294773E-11 2.1412815981E-11 8.2722938683E-11 1.3790887557E+02 2.4390074347E-01 -1.7575122796E-11 -2.2677487196E-11 -2.4390074347E-01 1.3790887557E+02
6.00 1.3633539815E+02 -2.0228927924E-01 2.5612391869E-11 -2.2110641193E-11 -2.0228927924E-01 1.3633539815E+02 -8.6526438578E-11 2.6925012794E-11 2.5427610343E-11 8.6419599045E-11 1.3633480384E+02 3.4803527147E-01 -2.2135698656E-11 -2.7112934909E-11 -3.4803527147E-01 1.3633480384E+02
7.00 1.3449670891E+02 -2.7052341752E-01 2.9579908861E-11 -2.6622317924E-11 -2.7052341752E-01 1.3449670891E+02 -9.0091649010E-11 3.1229412363E-11 2.9306037248E-11 8.9923158473E-11 1.3449562037E+02 4.6864107835E-01 -2.6661833745E-11 -3.1489448487E-11 -4.6864107835E-01 1.3449562037E+02
8.00 1.3240338697E+02 -3.4618551340E-01 3.3415851881E-11 -3.1081990832E-11 -3.4618551340E-01 1.3240338697E+02 -9.3464449696E-11 3.5452798994E-11 3.3029751324E-11 9.3214923299E-11 1.3240155428E+02 6.0453413542E-01 -3.1140534937E-11 -3.5797632122E-11 -6.0453413542E-01 1.3240155428E+02
9.00 1.3006706519E+02 -4.2805333860E-01 3.7105617999E-11 -3.5478479481E-11 -4.2805333860E-01 1.3006706519E+02 -9.6629651348E-11 3.9585600196E-11 3.6582167975E-11 9.6277515245E-11 1.3006417310E+02 7.5438361532E-01 -3.5561168255E-11 -4.0028135464E-11 -7.5438361532E-01 1.3006417310E+02
10.00 1.2750062185E+02 -5.1480139265E-01 4.0632157977E-11 -3.9801555818E-11 -5.1480139265E-01 1.2750062185E+02 -9.9574641830E-11 4.3616522644E-11 3.9944489024E-11 9.9096373249E-11 1.2749628686E+02 9.1672618617E-01 -3.9914004988E-11 -4.4169820489E-11 -9.1672618617E-01 1.2749628686E+02
11.00 1.2471807331E+02 -6.0502114925E-01 4.3981131268E-11 -4.4039552383E-11 -6.0502114925E-01 1.2471807331E+02 -1.0228672708E-10 4.7536980415E-11 4.3100897841E-11 1.0165707733E-10 1.2471184266E+02 1.0899816581E+00 -4.4187835852E-11 -4.8214186954E-11 -1.0899816581E+00 1.2471184266E+02
12.00 1.2173445817E+02 -6.9724249491E-01 4.7140505200E-11 -4.8184040800E-11 -6.9724249491E-01 1.2173445817E+02 -1.0475328442E-10 5.1334771705E-11 4.6038141497E-11 1.0394556282E-10 1.2172581066E+02 1.2724697912E+00 -4.8374682637E-11 -5.2149024208E-11 -1.2724697912E+00 1.2172581066E+02
13.00 1.1856571403E+02 -7.8995601419E-01 5.0098921312E-11 -5.2221557314E-11 -7.8995601419E-01 1.1856571403E+02 -1.0696085273E-10 5.5003479136E-11 4.8743996983E-11 1.0594714935E-10 1.1855406284E+02 1.4624280613E+00 -5.2461470668E-11 -5.5967834165E-11 -1.4624280613E+00 1.1855406284E+02
14.00 1.1522854831E+02 -8.8163576434E-01 5.2842404102E-11 -5.6142490837E-11 -8.8163576434E-01 1.1522854831E+02 -1.0890281674E-10 5.8534138084E-11 5.1203865047E-11 1.0765433259E-10 1.1521324577E+02 1.6580301696E+00 -5.6438905422E-11 -5.9661548599E-11 -1.6580301696E+00 1.1521324577E+02
15.00 1.1174030448E+02 -9.7076217657E-01 5.5362109542E-11 -5.9938046609E-11 -9.7076217657E-01 1.1174030448E+02 -1.1056817997E-10 6.1917257425E-11 5.3408612151E-11 1.0905551352E-10 1.1172064855E+02 1.8574050739E+00 -6.0298522799E-11 -6.3220433864E-11 -1.8574050739E+00 1.1172064855E+02
16.00 1.0811882487E+02 -1.0558447225E+00 5.7647345115E-11 -6.3598642130E-11 -1.0558447225E+00 1.0811882487E+02 -1.1195129372E-10 6.5144359252E-11 5.5347553992E-11 1.1014476377E-10 1.0809406745E+02 2.0586563180E+00 -6.4030985952E-11 -6.6635770699E-11 -2.0586563180E+00 1.0809406745E+02
17.00 1.0438231180E+02 -1.1354439909E+00 5.9690277535E-11 -6.7114474547E-11 -1.1354439909E+00 1.0438231180E+02 -1.1304504444E-10 6.8209459213E-11 5.7013218896E-11 1.1091494523E-10 1.0435166850E+02 2.2598814290E+00 -6.7626701170E-11 -6.9901239165E-11 -2.2598814290E+00 1.0435166850E+02
18.00 1.0054918808E+02 -1.2081928331E+00 6.1484602501E-11 -7.0476024319E-11 -1.2081928331E+00 1.0054918808E+02 -1.1384311947E-10 7.1105739409E-11 5.8400001074E-11 1.1136003807E-10 1.0051184941E+02 2.4591911602E+00 -7.1076339633E-11 -7.3009614309E-11 -2.4591911602E+00 1.0051184941E+02
19.00 9.6637958526E+01 -1.2728162540E+00 6.3022995641E-11 -7.3677481161E-11 -1.2728162540E+00 9.6637958526E+01 -1.1434298417E-10 7.3823596796E-11 5.9501481160E-11 1.1147821898E-10 9.6593102156E+01 2.6547283572E+00 -7.4374231738E-11 -7.5950849649E-11 -2.6547283572E+00 9.6593102156E+01
20.00 9.2667073683E+01 -1.3281497503E+00 6.4300130020E-11 -7.6708210119E-11 -1.3281497503E+00 9.2667073683E+01 -1.1454278893E-10 7.6360321943E-11 6.0313681510E-11 1.1126848692E-10 9.2613877596E+01 2.8446862345E+00 -7.7509776100E-11 -7.8721804034E-11 -2.8446862345E+00 9.2613877596E+01
21.00 8.8654797081E+01 -1.3731558245E+00 6.5315923825E-11 -7.9561402361E-11 -1.3731558245E+00 8.8654797081E+01 -1.1443777037E-10 7.8709913584E-11 6.0838150326E-11 1.1072725150E-10 8.8592453328E+01 3.0273258597E+00 -8.0476334534E-11 -8.1315827875E-11 -3.0273258597E+00 8.8592453328E+01
22.00 8.4619077279E+01 -1.4069384386E+00 6.6065842735E-11 -8.2232560516E-11 -1.4069384386E+00 8.4619077279E+01 -1.1402947997E-10 8.0864591446E-11 6.1072128454E-11 1.0985769327E-10 8.4546806029E+01 3.2009926553E+00 -8.3269417928E-11 -8.3724565884E-11 -3.2009926553E+00 8.4546806029E+01
23.00 8.0577425805E+01 -1.4287552063E+00 6.6546577434E-11 -8.4713112292E-11 -1.4287552063E+00 8.0577425805E+01 -1.1332170022E-10 8.2822196995E-11 6.1014490008E-11 1.0866533349E-10 8.0494489411E+01 3.3641317417E+00 -8.5880321850E-11 -8.5945381869E-11 -3.3641317417E+00 8.0494489411E+01
24.00 7.6546802074E+01 -1.4380271618E+00 6.6760297672E-11 -8.6996836847E-11 -1.4380271618E+00 7.6546802074E+01 -1.1231491132E-10 8.4579237087E-11 6.0669867867E-11 1.0715263311E-10 7.6452518845E+01 3.5153019653E+00 -8.8302850170E-11 -8.7974082082E-11 -3.5153019653E+00 7.6452518845E+01
25.00 7.2543506222E+01 -1.4343459875E+00 6.6709269141E-11 -8.9081626617E-11 -1.4343459875E+00 7.2543506222E+01 -1.1101152201E-10 8.6129355543E-11 6.0043049100E-11 1.0532440472E-10 7.2437263618E+01 3.6531884708E+00 -9.0534933076E-11 -8.9803522967E-11 -3.6531884708E+00 7.2437263618E+01
26.00 6.8583080700E+01 -1.4174786209E+00 6.6393856078E-11 -9.0956670004E-11 -1.4174786209E+00 6.8583080700E+01 -1.0941860654E-10 8.7475969605E-11 5.9137534448E-11 1.0318994585E-10 6.8464347668E+01 3.7766136995E+00 -9.2565446995E-11 -9.1436654609E-11 -3.7766136995E+00 6.8464347668E+01
27.00 6.4680221368E+01 -1.3873692101E+00 6.5819014696E-11 -9.2622931380E-11 -1.3873692101E+00 6.4680221368E+01 -1.0754131539E-10 8.8611696075E-11 5.7961101094E-11 1.0075734347E-10 6.4548559548E+01 3.8845467170E+00 -9.4395401141E-11 -9.2865256243E-11 -3.8845467170E+00 6.4548559548E+01
28.00 6.0848698669E+01 -1.3441384275E+00 6.4988607288E-11 -9.4077124707E-11 -1.3441384275E+00 6.0848698669E+01 -1.0538769402E-10 8.9535170345E-11 5.6520789883E-11 9.8037545301E-11 6.0703772243E+01 3.9761107951E+00 -9.6021312305E-11 -9.4087300563E-11 -3.9761107951E+00 6.0703772243E+01
29.00 5.7101289367E+01 -1.2880801925E+00 6.3909968595E-11 -9.5313570083E-11 -1.2880801925E+00 5.7101289367E+01 -1.0296508790E-10 9.0248305121E-11 5.4827502349E-11 9.5040707298E-11 5.6942873337E+01 4.0505891962E+00 -9.7437379871E-11 -9.5103980686E-11 -4.0505891962E+00 5.6942873337E+01
30.00 5.3449719198E+01 -1.2196558996E+00 6.2586498564E-11 -9.6333158214E-11 -1.2196558996E+00 5.3449719198E+01 -1.0028599244E-10 9.0747593418E-11 5.2887837178E-11 9.1782771080E-11 5.3277705917E+01 4.1074291322E+00 -9.8644120857E-11 -9.5911248827E-11 -4.1074291322E+00 5.3277705917E+01
31.00 4.9904616636E+01 -1.1394862810E+00 6.1031176536E-11 -9.7132532899E-11 -1.1394862810E+00 4.9904616636E+01 -9.7356518479E-11 9.1035302001E-11 5.0718542771E-11 8.8272856927E-11 4.9719020447E+01 4.1462438927E+00 -9.9638322381E-11 -9.6510377896E-11 -4.1462438927E+00 4.9719020447E+01
32.00 4.6475477872E+01 -1.0483410724E+00 5.9247942580E-11 -9.7710529504E-11 -1.0483410724E+00 4.6475477872E+01 -9.4192984001E-11 9.1112447439E-11 4.8327103293E-11 8.4530683921E-11 4.6276437768E+01 4.1668131596E+00 -1.0041820125E-10 -9.6902103013E-11 -4.1668131596E+00 4.6276437768E+01
33.00 4.3170642952E+01 -9.4712668108E-01 5.7250205677E-11 -9.8068214006E-11 -9.4712668108E-01 4.3170642952E+01 -9.0804819259E-11 9.0979555806E-11 4.5730499735E-11 8.0569059245E-11 4.2958423190E+01 4.1690815478E+00 -1.0098491861E-10 -9.7086009357E-11 -4.1690815478E+00 4.2958423190E+01
34.00 3.9997282931E+01 -8.3687208191E-01 5.5048441021E-11 -9.8204749715E-11 -8.3687208191E-01 3.9997282931E+01 -8.7205207153E-11 9.0639524800E-11 4.2942946599E-11 7.6404474769E-11 3.9772271584E+01 4.1531554318E+00 -1.0133739017E-10 -9.7064346855E-11 -4.1531554318E+00 3.9772271584E+01
35.00 3.6961397754E+01 -7.1871319407E-01 5.2651552629E-11 -9.8122259628E-11 -7.1871319407E-01 3.6961397754E+01 -8.3411273879E-11 9.0094409277E-11 3.9976776091E-11 7.2057520155E-11 3.6724103231E+01 4.1192981394E+00 -1.0147722497E-10 -9.6838850507E-11 -4.1192981394E+00 3.6724103231E+01
36.00 3.4067824487E+01 -5.9387600571E-01 5.0076117569E-11 -9.7822768353E-11 -5.9387600571E-01 3.4067824487E+01 -7.9433794244E-11 8.9346995392E-11 3.6852086680E-11 6.7542288975E-11 3.3818870089E+01 4.0679236084E+00 -1.0140668008E-10 -9.6411264654E-11 -4.0679236084E+00 3.3818870089E+01
37.00 3.1320255416E+01 -4.6365873079E-01 4.7329840397E-11 -9.7307379899E-11 -4.6365873079E-01 3.1320255416E+01 -7.5293582954E-11 8.8402561170E-11 3.3580084878E-11 6.2882728591E-11 3.1060372032E+01 3.9995886228E+00 -1.0112595867E-10 -9.5786953930E-11 -3.9995886228E+00 3.1060372032E+01
38.00 2.8721265443E+01 -3.2941328971E-01 4.4432261399E-11 -9.6578896027E-11 -3.2941328971E-01 2.8721265443E+01 -7.1000701649E-11 8.7265507835E-11 3.0183689025E-11 5.8091976206E-11 2.8451282532E+01 3.9149837554E+00 -1.0063835751E-10 -9.4969025836E-11 -3.9149837554E+00 2.8451282532E+01
39.00 2.6272348124E+01 -1.9252640941E-01 4.1390947205E-11 -9.5641698480E-11 -1.9252640941E-01 2.6272348124E+01 -6.6578718910E-11 8.5939957772E-11 2.6673480483E-11 5.3196735367E-11 2.5993183161E+01 3.8149231591E+00 -9.9947111076E-11 -9.3962035284E-11 -3.8149231591E+00 2.5993183161E+01
40.00 2.3973959642E+01 -5.4400637288E-02 3.8226986198E-11 -9.4501372737E-11 -5.4400637288E-02 2.3973959642E+01 -6.2038195138E-11 8.4430583985E-11 2.3073297490E-11 4.8210550455E-11 2.3686606226E+01 3.7003333566E+00 -9.9058425189E-11 -9.2769287633E-11 -3.7003333566E+00 2.3686606226E+01
41.00 2.1825569920E+01 8.3564442846E-02 3.4951925059E-11 -9.3160493147E-11 8.3564442846E-02 2.1825569920E+01 -5.7400233730E-11 8.2745137539E-11 1.9397775081E-11 4.3156933752E-11 2.1531084789E+01 3.5722411889E+00 -9.7974113243E-11 -9.1398630640E-11 -3.5722411889E+00 2.1531084789E+01
42.00 1.9825720075E+01 2.1999051533E-01 3.1581950922E-11 -9.1625512626E-11 2.1999051533E-01 1.9825720075E+01 -5.2681681637E-11 8.0888892537E-11 1.5665466793E-11 3.8055402557E-11 1.9525209256E+01 3.4317610850E+00 -9.6700458812E-11 -8.9854828742E-11 -3.4317610850E+00 1.9525209256E+01
43.00 1.7972085330E+01 3.5353809535E-01 2.8132121614E-11 -8.9903761043E-11 3.5353809535E-01 1.7972085330E+01 -4.7900842368E-11 7.8867884964E-11 1.1893478178E-11 3.2926674322E-11 1.7666689706E+01 3.2800818224E+00 -9.5244354001E-11 -8.8143674602E-11 -3.2800818224E+00 1.7666689706E+01
44.00 1.6261542538E+01 4.8292310628E-01 2.4619362789E-11 -8.8000178447E-11 4.8292310628E-01 1.6261542538E+01 -4.3074915162E-11 7.6690866120E-11 8.1009780257E-12 2.7789772223E-11 1.5952423083E+01 3.1184529447E+00 -9.3610666383E-11 -8.6273426367E-11 -3.1184529447E+00 1.5952423083E+01
45.00 1.4690241397E+01 6.0693225095E-01 2.1058616593E-11 -8.5921116523E-11 6.0693225095E-01 1.4690241397E+01 -3.8222699490E-11 7.4366069214E-11 4.3048124841E-12 2.2665140519E-11 1.4378564367E+01 2.9481710039E+00 -9.1805301155E-11 -8.4252118936E-11 -2.9481710039E+00 1.4378564367E+01
46.00 1.3253678489E+01 7.2443698102E-01 1.7466513195E-11 -8.3675214556E-11 7.2443698102E-01 1.3253678489E+01 -3.3361601520E-11 7.1900707662E-11 5.2281485799E-13 1.7571897020E-11 1.2940600826E+01 2.7705657918E+00 -8.9836664571E-11 -8.2086635185E-11 -2.7705657918E+00 1.2940600826E+01
47.00 1.1946773262E+01 8.3440589718E-01 1.3858844722E-11 -8.1269897242E-11 8.3440589718E-01 1.1946773262E+01 -2.8509494719E-11 6.9303988117E-11 -3.2279835325E-12 1.2529008383E-11 1.1633428468E+01 2.5869867158E+00 -8.7711885116E-11 -7.9785894121E-11 -2.5869867158E+00 1.1633428468E+01
48.00 1.0763945087E+01 9.3591544226E-01 1.0251264145E-11 -7.8715554824E-11 9.3591544226E-01 1.0763945087E+01 -2.3684011685E-11 6.6582651053E-11 -6.9315097983E-12 7.5554748576E-12 1.0451429816E+01 2.3987894717E+00 -8.5440788863E-11 -7.7356601995E-11 -2.3987894717E+00 1.0451429816E+01
49.00 9.6991905698E+00 1.0281587807E+00 6.6592447379E-12 -7.6018210574E-11 1.0281587807E+00 9.6991905698E+00 -1.8902583473E-11 6.3748568857E-11 -1.0571204444E-11 2.6688126343E-12 9.3885521638E+00 2.2073231522E+00 -8.3029276936E-11 -7.4810176079E-11 -2.2073231522E+00 9.3885521638E+00
50.00 8.7461603325E+00 1.1104527896E+00 3.0994416710E-12 -7.3189155906E-11 1.1104527896E+00 8.7461603325E+00 -1.4180867393E-11 6.0809166810E-11 -1.4130839105E-11 -2.1143763958E-12 8.4383854948E+00 2.0139179239E+00 -8.0488317503E-11 -7.2153807716E-11 -2.0139179239E+00 8.4383854948E+00
51.00 7.8982345102E+00 1.1822431193E+00 -4.1594830311E-13 -7.0236568469E-11 1.1822431193E+00 7.8982345102E+00 -9.5380186789E-12 5.7775281605E-11 -1.7597699419E-11 -6.7754964996E-12 7.5942392929E+00 1.8198733876E+00 -7.7825271294E-11 -6.9398508094E-11 -1.8198733876E+00 7.5942392929E+00
52.00 7.1485962781E+00 1.2431073114E+00 -3.8702897177E-12 -6.7171206500E-11 1.2431073114E+00 7.1485962781E+00 -4.9880038975E-12 5.4656015401E-11 -2.0956072397E-11 -1.1300382920E-11 6.8492175276E+00 1.6264477301E+00 -7.5050788018E-11 -6.6552905087E-11 -1.6264477301E+00 6.8492175276E+00
53.00 6.4903027715E+00 1.2927559959E+00 -7.2488740268E-12 -6.4002758307E-11 1.2927559959E+00 6.4903027715E+00 -5.4548955896E-13 5.1461781281E-11 -2.4192100764E-11 -1.5674814595E-11 6.1962911420E+00 1.4348477564E+00 -7.2174275576E-11 -6.3627016491E-11 -1.4348477564E+00 6.1962911420E+00
54.00 5.9163528269E+00 1.3310322161E+00 -1.0539868579E-11 -6.0742567846E-11 1.3310322161E+00 5.9163528269E+00 3.7730333733E-12 4.8201620523E-11 -2.7294867014E-11 -1.9883226476E-11 5.6283674389E+00 1.2462198782E+00 -6.9206030196E-11 -6.0630234285E-11 -1.2462198782E+00 5.6283674389E+00
55.00 5.4197510364E+00 1.3579089578E+00 -1.3729293427E-11 -5.7399384031E-11 1.3579089578E+00 5.4197510364E+00 7.9546296510E-12 4.4887671664E-11 -3.0251665137E-11 -2.3913896920E-11 5.1383558232E+00 1.0616421210E+00 -6.6154877610E-11 -5.7573891864E-11 -1.0616421210E+00 5.1383558232E+00
56.00 4.9935676764E+00 1.3734849862E+00 -1.6805385340E-11 -5.3985688058E-11 1.3734849862E+00 4.9935676764E+00 1.1985443604E-11 4.1528446774E-11 -3.3052534293E-11 -2.7754139667E-11 4.7192294272E+00 8.8211719457E-01 -6.3032255750E-11 -5.4466781416E-11 -8.8211719457E-01 4.7192294272E+00
57.00 4.6309941398E+00 1.3779791165E+00 -1.9755651627E-11 -5.0510457055E-11 1.3779791165E+00 4.6309941398E+00 1.5853774906E-11 3.8135974116E-11 -3.5686804171E-11 -3.1393848336E-11 4.3640822140E+00 7.0856665714E-01 -5.9847114284E-11 -5.1320113253E-11 -7.0856665714E-01 4.3640822140E+00
58.00 4.3253935724E+00 1.3717230605E+00 -2.2569085613E-11 -4.6985701791E-11 1.3717230605E+00 4.3253935724E+00 1.9548198669E-11 3.4719520130E-11 -3.8145859124E-11 -3.4823193737E-11 4.0661812285E+00 5.4182618848E-01 -5.6610559280E-11 -4.8143166901E-11 -5.4182618848E-01 4.0661812285E+00
59.00 4.0703464807E+00 1.3551530151E+00 -2.5237225909E-11 -4.3422854373E-11 1.3551530151E+00 4.0703464807E+00 2.3056471940E-11 3.1288908857E-11 -4.0423203752E-11 -3.8032403380E-11 3.8190137339E+00 3.8264197296E-01 -5.3333064873E-11 -4.4945771389E-11 -3.8264197296E-01 3.8190137339E+00
60.00 3.8596911508E+00 1.3288001646E+00 -2.7749450654E-11 -3.9831794616E-11 1.3288001646E+00 3.8596911508E+00 2.6370075654E-11 2.7855305332E-11 -4.2511035988E-11 -4.1014869787E-11 3.6163290444E+00 2.3166817894E-01 -5.0024238115E-11 -4.1738328756E-11 -2.3166817894E-01 3.6163290444E+00
61.00 3.6875587790E+00 1.2932802853E+00 -3.0096902930E-11 -3.6223546834E-11 1.2932802853E+00 3.6875587790E+00 2.9480619041E-11 2.4428680033E-11 -4.4403408696E-11 -4.3764409221E-11 3.4521749341E+00 8.9465508163E-02 -4.6694335593E-11 -3.8530488729E-11 -8.9465508163E-02 3.4521749341E+00
62.00 3.5484032835E+00 1.2492826421E+00 -3.2273730123E-11 -3.2609379953E-11 1.2492826421E+00 3.5484032835E+00 3.2378765857E-11 2.1018518290E-11 -4.6096923018E-11 -4.6274719077E-11 3.3209285689E+00 -4.3499223526E-02 -4.3353682059E-11 -3.5331511526E-11 4.3499223526E-02 3.3209285689E+00
63.00 3.4370258215E+00 1.1975583750E+00 -3.4271353102E-11 -2.8999384887E-11 1.1975583750E+00 3.4370258215E+00 3.5059482017E-11 1.7635087553E-11 -4.7586547172E-11 -4.8542798257E-11 3.2173219720E+00 -1.6685252382E-01 -4.0011729654E-11 -3.2151023997E-11 1.6685252382E-01 3.2173219720E+00
64.00 3.3485940978E+00 1.1389085691E+00 -3.6085261064E-11 -2.5404896471E-11 1.1389085691E+00 3.3485940978E+00 3.7515970092E-11 1.4287162935E-11 -4.8870551470E-11 -5.0564992130E-11 3.1364620946E+00 -2.8031273951E-01 -3.6678746104E-11 -2.8997568754E-11 2.8031273951E-01 3.1364620946E+00
65.00 3.2786565966E+00 1.0741722016E+00 -3.7710471125E-11 -2.1835172035E-11 1.0741722016E+00 3.2786565966E+00 3.9743608414E-11 1.0985126577E-11 -4.9947212394E-11 -5.2339353187E-11 3.0738456198E+00 -3.8368771823E-01 -3.3363445361E-11 -2.5880662001E-11 3.8368771823E-01 3.0738456198E+00
66.00 3.2231519219E+00 1.0042141507E+00 -3.9143013540E-11 -1.8300827951E-11 1.0042141507E+00 3.2231519219E+00 4.1739014043E-11 7.7373364404E-12 -5.0815862273E-11 -5.3865347095E-11 3.0253686785E+00 -4.7687169176E-01 -3.0075322186E-11 -2.2808268263E-11 4.7687169176E-01 3.0253686785E+00
67.00 3.1784134691E+00 9.2991344458E-01 -4.0380020066E-11 -1.4811776561E-11 9.2991344458E-01 3.1784134691E+00 4.3499523547E-11 4.5526054359E-12 -5.1476824555E-11 -5.5143159130E-11 2.9873317030E+00 -5.5984146215E-01 -2.6823382141E-11 -1.9788615832E-11 5.5984146215E-01 2.9873317030E+00
68.00 3.1411696903E+00 8.5215191387E-01 -4.1419503331E-11 -1.1376690690E-11 8.5215191387E-01 3.1411696903E+00 4.5023697525E-11 1.4399692970E-12 -5.1931496176E-11 -5.6174096911E-11 2.9564396858E+00 -6.3265197632E-01 -2.3615483376E-11 -1.6829874908E-11 6.3265197632E-01 2.9564396858E+00
69.00 3.1085402462E+00 7.7180340080E-01 -4.2260527789E-11 -8.0058773313E-12 7.7180340080E-01 3.1085402462E+00 4.6311013482E-11 -1.5935739730E-12 -5.2181942656E-11 -5.6960608363E-11 2.9297981452E+00 -6.9543137797E-01 -2.0460667730E-11 -1.3938662959E-11 6.9543137797E-01 2.9297981452E+00
70.00 3.0780283658E+00 6.8972365951E-01 -4.2903410331E-11 -4.7073712044E-12 6.8972365951E-01 3.0780283658E+00 4.7361612680E-11 -4.5396576034E-12 -5.2231617340E-11 -5.7505559394E-11 2.9049051302E+00 -7.4837562689E-01 -1.7366206451E-11 -1.1122342394E-11 7.4837562689E-01 2.9049051302E+00
71.00 3.0475097532E+00 6.0674106626E-01 -4.3348722824E-11 -1.4899714254E-12 6.0674106626E-01 3.0475097532E+00 4.8177348731E-11 -7.3914883625E-12 -5.2084110612E-11 -5.7813474891E-11 2.8796396216E+00 -7.9174277642E-01 -1.4339711453E-11 -8.3870894535E-12 7.9174277642E-01 2.8796396216E+00
72.00 3.0152184008E+00 5.2364823929E-01 -4.3598482540E-11 1.6389367809E-12 5.2364823929E-01 3.0152184008E+00 4.8760623258E-11 -1.0141615735E-11 -5.1744418973E-11 -5.7889214172E-11 2.8522467040E+00 -8.2584699864E-01 -1.1387718144E-11 -5.7394127290E-12 8.2584699864E-01 2.8522467040E+00
73.00 2.9797296747E+00 4.4119464874E-01 -4.3655880446E-11 4.6708385388E-12 4.4119464874E-01 2.9797296747E+00 4.9114292303E-11 -1.2784662270E-11 -5.1218132561E-11 -5.7738363172E-11 2.8213198955E+00 -8.5105244456E-01 -8.5176289935E-12 -3.1838958144E-12 8.5105244456E-01 2.8213198955E+00
74.00 2.9399410489E+00 3.6008027716E-01 -4.3523415110E-11 7.5994941499E-12 3.6008027716E-01 2.9399410489E+00 4.9243831148E-11 -1.5313954444E-11 -5.0510701061E-11 -5.7368287272E-11 2.7857810320E+00 -8.6776702342E-01 -5.7345508367E-12 -7.2645933387E-13 8.6776702342E-01 2.7857810320E+00
75.00 2.8950508612E+00 2.8095037118E-01 -4.3205750497E-11 1.0418490917E-11 2.8095037118E-01 2.8950508612E+00 4.9154307445E-11 -1.7723969718E-11 -4.9629142771E-11 -5.6786171062E-11 2.7448581017E+00 -8.7643618088E-01 -3.0439312590E-12 1.6282873750E-12 8.7643618088E-01 2.7448581017E+00
76.00 2.8445354658E+00 2.0439130518E-01 -4.2708697233E-11 1.3121137083E-11 2.0439130518E-01 2.8445354658E+00 4.8851174187E-11 -2.0010384293E-11 -4.8581149338E-11 -5.5999611454E-11 2.6980614267E+00 -8.7753675047E-01 -4.5152996335E-13 3.8769973777E-12 8.7753675047E-01 2.6980614267E+00
77.00 2.7881251471E+00 1.3092755847E-01 -4.2038090412E-11 1.5701960656E-11 1.3092755847E-01 2.7881251471E+00 4.8341416264E-11 -2.2168843088E-11 -4.7374511264E-11 -5.5017279495E-11 2.6451585766E+00 -8.7157094679E-01 2.0381750551E-12 6.0162237648E-12 8.7157094679E-01 2.6451585766E+00
78.00 2.7257791504E+00 6.1019789067E-02 -4.1200178612E-11 1.8156232352E-11 6.1019789067E-02 2.7257791504E+00 4.7633127941E-11 -2.4195190066E-11 -4.6017268153E-11 -5.3848616039E-11 2.5861483933E+00 -8.5906056249E-01 4.4214959803E-12 8.0426211279E-12 8.5906056249E-01 2.5861483933E+00
79.00 2.6576601706E+00 -4.9360299296E-03 -4.0202500501E-11 2.0480062539E-11 -4.9360299296E-03 2.6576601706E+00 4.6734514092E-11 -2.6085484518E-11 -4.4518526880E-11 -5.2502895467E-11 2.5212344860E+00 -8.4054142351E-01 6.6953795474E-12 9.9532212006E-12 8.4054142351E-01 2.5212344860E+00
80.00 2.5841086245E+00 -6.6608461575E-02 -3.9053079529E-11 2.2667889374E-11 -6.6608461575E-02 2.5841086245E+00 4.5654509320E-11 -2.7838617590E-11 -4.2886926004E-11 -5.0990589734E-11 2.4507985400E+00 -8.1655814991E-01 8.8552084690E-12 1.1747745269E-11 8.1655814991E-01 2.4507985400E+00
81.00 2.5056170113E+00 -1.2372950824E-01 -3.7760252773E-11 2.4718347514E-11 -1.2372950824E-01 2.5056170113E+00 4.4403006572E-11 -2.9450490462E-11 -4.1132301144E-11 -4.9321747232E-11 2.3753737608E+00 -7.8765926162E-01 1.0900423251E-11 1.3422952812E-11 7.8765926162E-01 2.3753737608E+00
82.00 2.4228046452E+00 -1.7609264375E-01 -3.6333240480E-11 2.6627285182E-11 -1.7609264375E-01 2.4228046452E+00 4.2989903068E-11 -3.0920641662E-11 -3.9264012038E-11 -4.7507185196E-11 2.2956187495E+00 -7.5439266070E-01 1.2827622264E-11 1.4979287555E-11 7.5439266070E-01 2.2956187495E+00
83.00 2.3363930223E+00 -2.2355006222E-01 -3.4781520791E-11 2.8393498091E-11 -2.2355006222E-01 2.3363930223E+00 4.1426044298E-11 -3.2246990036E-11 -3.7292167034E-11 -4.5557685432E-11 2.2122920835E+00 -7.1730151375E-01 1.4636325179E-11 1.6415408161E-11 7.1730151375E-01 2.2122920835E+00
84.00 2.2471820562E+00 -2.6600923998E-01 -3.3114630376E-11 3.0014520291E-11 -2.6600923998E-01 2.2471820562E+00 3.9722926932E-11 -3.3429708049E-11 -3.5226016440E-11 -4.3485040986E-11 2.1262278444E+00 -6.7692055039E-01 1.6324810084E-11 1.7732145952E-11 6.7692055039E-01 2.1262278444E+00
85.00 2.1560273945E+00 -3.0342891368E-01 -3.1343862087E-11 3.1489915935E-11 -3.0342891368E-01 2.1560273945E+00 3.7890905235E-11 -3.4468002616E-11 -3.3076900924E-11 -4.1299054347E-11 2.0383123106E+00 -6.3377278622E-01 1.7892887644E-11 1.8929773395E-11 6.3377278622E-01 2.0383123106E+00
86.00 2.0638190005E+00 -3.3581458228E-01 -2.9478536682E-11 3.2819025173E-11 -3.3581458228E-01 2.0638190005E+00 3.5943182106E-11 -3.5362476617E-11 -3.0853436832E-11 -3.9012595753E-11 1.9494620009E+00 -5.8836667167E-01 1.9340801955E-11 2.0009075727E-11 5.8836667167E-01 1.9494620009E+00
87.00 1.9714611568E+00 -3.6321364286E-01 -2.7530367822E-11 3.4002020898E-11 -3.6321364286E-01 1.9714611568E+00 3.3890852958E-11 -3.6113890640E-11 -2.8566687787E-11 -3.6635887065E-11 1.8606032258E+00 -5.4119366116E-01 2.0668831911E-11 2.0971706569E-11 5.4119366116E-01 1.8606032258E+00
88.00 1.8798540243E+00 -3.8571027116E-01 -2.5510038901E-11 3.5038902325E-11 -3.8571027116E-01 1.8798540243E+00 3.1746559597E-11 -3.6724156910E-11 -2.6226051344E-11 -3.4180813324E-11 1.7726532769E+00 -4.9272619115E-01 2.1877304006E-11 2.1820063847E-11 4.9272619115E-01 1.7726532769E+00
89.00 1.7898768590E+00 -4.0342015560E-01 -2.3428665934E-11 3.5931339279E-11 -4.0342015560E-01 1.7898768590E+00 2.9522559397E-11 -3.7194663740E-11 -2.3841564361E-11 -3.1658288868E-11 1.6865033517E+00 -4.4341604986E-01 2.2968150834E-11 2.2555927915E-11 4.4341604986E-01 1.6865033517E+00
90.00 1.7023729684E+00 -4.1648519087E-01 -2.1297354521E-11 3.6681023183E-11 -4.1648519087E-01 1.7023729684E+00 2.7231497370E-11 -3.7527507130E-11 -2.1422801517E-11 -2.9079539197E-11 1.6030032874E+00 -3.9369311648E-01 2.3943258358E-11 2.3181671959E-11 3.9369311648E-01 1.6030032874E+00
91.00 1.6181364598E+00 -4.2506823153E-01 -1.9127675865E-11 3.7289413113E-11 -4.2506823153E-01 1.6181364598E+00 2.4885455361E-11 -3.7726215151E-11 -1.8979498174E-11 -2.6455218153E-11 1.5229481483E+00 -3.4396444373E-01 2.4803780008E-11 2.3701374851E-11 3.4396444373E-01 1.5229481483E+00
92.00 1.5379008115E+00 -4.2934800004E-01 -1.6930509896E-11 3.7760089051E-11 -4.2934800004E-01 1.5379008115E+00 2.2497117891E-11 -3.7792931216E-11 -1.6520852668E-11 -2.3796039429E-11 1.4470666868E+00 -2.9461365378E-01 2.5553544789E-11 2.4117010688E-11 2.9461365378E-01 1.4470666868E+00
93.00 1.4623292752E+00 -4.2951423513E-01 -1.4717144319E-11 3.8095046385E-11 -4.2951423513E-01 1.4623292752E+00 2.0078559466E-11 -3.7732223055E-11 -1.4055854362E-11 -2.1112408332E-11 1.3760116745E+00 -2.4600061502E-01 2.6193982575E-11 2.4433589388E-11 2.4600061502E-01 1.3760116745E+00
94.00 1.3920070935E+00 -4.2576315781E-01 -1.2498243718E-11 3.8298300330E-11 -4.2576315781E-01 1.3920070935E+00 1.7642152965E-11 -3.7547546795E-11 -1.1593018178E-11 -1.8414625390E-11 1.3103520781E+00 -1.9846136518E-01 2.6728982241E-11 2.4654331491E-11 1.9846136518E-01 1.3103520781E+00
95.00 1.3274355017E+00 -4.1829332188E-01 -1.0284798553E-11 3.8373586948E-11 -4.1829332188E-01 1.3274355017E+00 1.5199649331E-11 -3.7243299549E-11 -9.1410157987E-12 -1.5712263292E-11 1.2505670340E+00 -1.5230824487E-01 2.7161747559E-11 2.4783601979E-11 1.5230824487E-01 1.2505670340E+00
96.00 1.2690274584E+00 -4.0730190506E-01 -8.0871804292E-12 3.8325262156E-11 -4.0730190506E-01 1.2690274584E+00 1.2762676006E-11 -3.6823963765E-11 -6.7077934184E-12 -1.3014763406E-11 1.1970415594E+00 -1.0783020538E-01 2.7496152017E-11 2.4825607774E-11 1.0783020538E-01 1.1970415594E+00
97.00 1.2171050391E+00 -3.9298148569E-01 -5.9154162458E-12 3.8157377223E-11 -3.9298148569E-01 1.2171050391E+00 1.0342838030E-11 -3.6295083295E-11 -4.3006921184E-12 -1.0331611632E-11 1.1500639195E+00 -6.5293254555E-02 2.7735357673E-11 2.4785754034E-11 6.5293254555E-02 1.1500639195E+00
98.00 1.1718984081E+00 -3.7551733798E-01 -3.7796863248E-12 3.7875509522E-11 -3.7551733798E-01 1.1718984081E+00 7.9506683097E-12 -3.5661099630E-11 -1.9275659482E-12 -7.6708323420E-12 1.1098245601E+00 -2.4941005593E-02 2.7884418667E-11 2.4667824170E-11 2.4941005593E-02 1.1098245601E+00
99.00 1.1335462720E+00 -3.5508526742E-01 -1.6891265149E-12 3.7484430075E-11 -3.5508526742E-01 1.1335462720E+00 5.5970818989E-12 -3.4927982784E-11 4.0521606333E-13 -5.0412141033E-12 1.0764164999E+00 1.3004704885E-02 2.7947039226E-11 2.4477398200E-11 -1.3004704885E-02 1.0764164999E+00
100.00 1.1020977074E+00 -3.3184999602E-01 3.4716325779E-13 3.6989766874E-11 -3.3184999602E-01 1.1020977074E+00 3.2921370544E-12 -3.4101163370E-11 2.6911105452E-12 -2.4505036994E-12 1.0498370710E+00 4.8343161172E-02 2.7927923638E-11 2.4219210561E-11 -4.8343161172E-02 1.0498370710E+00
101.00 1.0775152479E+00 -3.0596409608E-01 2.3202954193E-12 3.6397116634E-11 -3.0596409608E-01 1.0775152479E+00 1.0450281502E-12 -3.3186750911E-11 4.9236355967E-12 9.4464834105E-14 1.0299908860E+00 8.0894104142E-02 2.7831509197E-11 2.3898636318E-11 -8.0894104142E-02 1.0299908860E+00
102.00 1.0596791028E+00 -2.7756746034E-01 4.2228557791E-12 3.5712180296E-11 -2.7756746034E-01 1.0596791028E+00 -1.1343535017E-12 -3.2190775638E-11 7.0981126995E-12 2.5857564037E-12 1.0166939069E+00 1.1049708425E-01 2.7662227922E-11 2.3520977508E-11 -1.1049708425E-01 1.0166939069E+00
103.00 1.0483923815E+00 -2.4678728608E-01 6.0465185761E-12 3.4941371360E-11 -2.4678728608E-01 1.0483923815E+00 -3.2383249295E-12 -3.1119192323E-11 9.2083953185E-12 5.0179869159E-12 1.0096784868E+00 1.3701085439E-01 2.7425360415E-11 2.3091033005E-11 -1.3701085439E-01 1.0096784868E+00
104.00 1.0433871872E+00 -2.1373854206E-01 7.7848697482E-12 3.4090522250E-11 -2.1373854206E-01 1.0433871872E+00 -5.2583568769E-12 -2.9978540918E-11 1.1250489777E-11 7.3844648658E-12 1.0085992551E+00 1.6031282149E-01 2.7125190303E-11 2.2614474925E-11 -1.6031282149E-01 1.0085992551E+00
105.00 1.0443314464E+00 -1.7852487825E-01 9.4312138870E-12 3.3166318631E-11 -1.7852487825E-01 1.0443314464E+00 -7.1873565792E-12 -2.8774895995E-11 1.3219866561E-11 9.6799490923E-12 1.0130397143E+00 1.8029857171E-01 2.6767037126E-11 2.2096107829E-11 -1.8029857171E-01 1.0130397143E+00
106.00 1.0508363359E+00 -1.4123993185E-01 1.0979822233E-11 3.2174928390E-11 -1.4123993185E-01 1.0508363359E+00 -9.0185356890E-12 -2.7514815673E-11 1.5112788586E-11 1.1899337587E-11 1.0225194225E+00 1.9688148014E-01 2.6355455348E-11 2.1541325976E-11 -1.9688148014E-01 1.0225194225E+00
107.00 1.0624641750E+00 -1.0196897648E-01 1.2425577343E-11 3.1122722532E-11 -1.0196897648E-01 1.0624641750E+00 -1.0745785364E-11 -2.6204822010E-11 1.6925956246E-11 1.4038040796E-11 1.0365016343E+00 2.0999241183E-01 2.5895160775E-11 2.0955346014E-11 -2.0999241183E-01 1.0365016343E+00
108.00 1.0787366461E+00 -6.0790857009E-02 1.3763646218E-11 3.0016335939E-11 -6.0790857009E-02 1.0787366461E+00 -1.2363865549E-11 -2.4851129789E-11 1.8656199047E-11 1.6092109655E-11 1.0544012800E+00 2.1957951660E-01 2.5391168829E-11 2.0342926704E-11 -2.1957951660E-01 1.0544012800E+00
109.00 1.0991432197E+00 -1.7780148954E-02 1.4990590971E-11 2.8861756896E-11 -1.7780148954E-02 1.0991432197E+00 -1.3867657978E-11 -2.3460582920E-11 2.0301409799E-11 1.8057604913E-11 1.0755931672E+00 2.2560811657E-01 2.4847600122E-11 1.9709526540E-11 -2.2560811657E-01 1.0755931672E+00
110.00 1.1231496544E+00 2.6990521130E-02 1.6102514890E-11 2.7666126320E-11 2.6990521130E-02 1.1231496544E+00 -1.5253661123E-11 -2.2038854066E-11 2.1859024922E-11 1.9931775837E-11 1.0994202944E+00 2.2806068097E-01 2.4269932435E-11 1.9059135284E-11 -2.2806068097E-01 1.0994202944E+00
111.00 1.1502064590E+00 7.3448058472E-02 1.7097230472E-11 2.6435451507E-11 7.3448058472E-02 1.1502064590E+00 -1.6518151592E-11 -2.0592463391E-11 2.3327720526E-11 2.1711602351E-11 1.1252021746E+00 2.2693687966E-01 2.3662221795E-11 1.8396741639E-11 -2.2693687966E-01 1.1252021746E+00
112.00 1.1797572012E+00 1.2151645035E-01 1.7972673067E-11 2.5175893272E-11 1.2151645035E-01 1.1797572012E+00 -1.7658475950E-11 -1.9127682588E-11 2.4706086534E-11 2.3394856822E-11 1.1522430722E+00 2.2225370329E-01 2.3028778293E-11 1.7726913172E-11 -2.2225370329E-01 1.1522430722E+00
113.00 1.2112465629E+00 1.7111434646E-01 1.8727399074E-11 2.3893596562E-11 1.7111434646E-01 1.2112465629E+00 -1.8672837643E-11 -1.7650532185E-11 2.5993113298E-11 2.4979865287E-11 1.1798400666E+00 2.1404563495E-01 2.2373866000E-11 1.7053881324E-11 -2.1404563495E-01 1.1798400666E+00
114.00 1.2441280456E+00 2.2215272955E-01 1.9360512880E-11 2.2595282067E-11 2.2215272955E-01 1.2441280456E+00 -1.9560067004E-11 -1.6166165882E-11 2.7188178117E-11 2.6465187460E-11 1.2072908612E+00 2.0236485602E-01 2.1702185518E-11 1.6381106438E-11 -2.0236485602E-01 1.2072908612E+00
115.00 1.2778712408E+00 2.7453273295E-01 1.9872754423E-11 2.1285812779E-11 2.7453273295E-01 1.2778712408E+00 -2.0318787447E-11 -1.4681262038E-11 2.8291591561E-11 2.7849342478E-11 1.2339012679E+00 1.8728146645E-01 2.1016693067E-11 1.5713371644E-11 -1.8728146645E-01 1.2339012679E+00
116.00 1.3119685900E+00 3.2814365711E-01 2.0263820077E-11 1.9971577485E-11 3.2814365711E-01 1.3119685900E+00 -2.0949848621E-11 -1.3200654633E-11 2.9302863705E-11 2.9132269384E-11 1.2589923026E+00 1.6888369823E-01 2.0321821982E-11 1.5053646706E-11 -1.6888369823E-01 1.2589923026E+00
117.00 1.3459415666E+00 3.8286123204E-01 2.0535549834E-11 1.8658092841E-11 3.8286123204E-01 1.3459415666E+00 -2.1453287373E-11 -1.1729645901E-11 3.0222970032E-11 3.0313232221E-11 1.2819068371E+00 1.4727809985E-01 1.9621041922E-11 1.4405417473E-11 -1.4727809985E-01 1.2819068371E+00
118.00 1.3793462249E+00 4.3854616656E-01 2.0688915498E-11 1.7350040980E-11 4.3854616656E-01 1.3793462249E+00 -2.1831147983E-11 -1.0273864532E-11 3.1052012115E-11 3.1392922598E-11 1.3020157607E+00 1.2258966869E-01 1.8917299083E-11 1.3772154516E-11 -1.2258966869E-01 1.3020157607E+00
119.00 1.4117780707E+00 4.9504301869E-01 2.0726724382E-11 1.6053115939E-11 4.9504301869E-01 1.4117780707E+00 -2.2084829763E-11 -8.8374920927E-12 3.1791441095E-11 3.2371336204E-11 1.3187236126E+00 9.4961908405E-02 1.8214127407E-11 1.3156294830E-11 -9.4961908405E-02 1.3187236126E+00
120.00 1.4428762157E+00 5.5217941489E-01 2.0651933109E-11 1.4772413372E-11 5.5217941489E-01 1.4428762157E+00 -2.2216774588E-11 -7.4248793037E-12 3.2442636272E-11 3.3249236334E-11 1.3314736530E+00 6.4556788717E-02 1.7514606425E-11 1.2560323940E-11 -6.4556788717E-02 1.3314736530E+00
121.00 1.4723267927E+00 6.0976563819E-01 2.0467689748E-11 1.3512083283E-11 6.0976563819E-01 1.4723267927E+00 -2.2230186321E-11 -6.0407818277E-12 3.3006932532E-11 3.4027807047E-11 1.3397523500E+00 3.1554586139E-02 1.6821126184E-11 1.1986898662E-11 -3.1554586139E-02 1.3397523500E+00
122.00 1.4998656144E+00 6.6759459842E-01 2.0178022006E-11 1.2276208984E-11 6.6759459842E-01 1.4998656144E+00 -2.2128501146E-11 -4.6894226867E-12 3.3486225260E-11 3.4708327196E-11 1.3430932650E+00 -3.8464145874E-03 1.6135959769E-11 1.1438176083E-11 3.8464145874E-03 1.3430932650E+00
123.00 1.5252800696E+00 7.2544219007E-01 1.9787492356E-11 1.1069094276E-11 7.2544219007E-01 1.5252800696E+00 -2.1915558643E-11 -3.3743634056E-12 3.3882654829E-11 3.5292292742E-11 1.3410803270E+00 -4.1430376472E-02 1.5461523963E-11 1.0915833991E-11 4.1430376472E-02 1.3410803270E+00
124.00 1.5484102607E+00 7.8306803624E-01 1.9300249678E-11 9.8949323513E-12 7.8306803624E-01 1.5484102607E+00 -2.1596380678E-11 -2.0986218973E-12 3.4197958000E-11 3.5781833811E-11 1.3333504901E+00 -8.0964539512E-02 1.4800009883E-11 1.0421110372E-11 8.0964539512E-02 1.3333504901E+00
125.00 1.5691493943E+00 8.4021661011E-01 1.8721722947E-11 8.7559624998E-12 8.4021661011E-01 1.5691493943E+00 -2.1175765095E-11 -8.6666931298E-13 3.4434770655E-11 3.6178970401E-11 1.3195957793E+00 -1.2220003628E-01 1.4152465263E-11 9.9560111200E-12 1.2220003628E-01 1.3195957793E+00
126.00 1.5874434440E+00 8.9661871883E-01 1.8057480493E-11 7.6571891361E-12 8.9661871883E-01 1.5874434440E+00 -2.0658936719E-11 3.2046910535E-13 3.4595516400E-11 3.6485992616E-11 1.2995647297E+00 -1.6487290388E-01 1.3521357532E-11 9.5204215718E-12 1.6487290388E-01 1.2995647297E+00
127.00 1.6032901147E+00 9.5199332831E-01 1.7313424937E-11 6.6002108482E-12 9.5199332831E-01 1.6032901147E+00 -2.0051528614E-11 1.4588816766E-12 3.4682925792E-11 3.6705305910E-11 1.2730632321E+00 -2.0870529893E-01 1.2907228145E-11 9.1157592737E-12 2.0870529893E-01 1.2730632321E+00
128.00 1.6167371423E+00 1.0060497021E+00 1.6495631672E-11 5.5880261010E-12 1.0060497021E+00 1.6167371423E+00 -1.9359644200E-11 2.5465813817E-12 3.4699717010E-11 3.6839659081E-11 1.2399548048E+00 -2.5340691859E-01 1.2311360232E-11 8.7423378146E-12 2.5340691859E-01 1.2399548048E+00
129.00 1.6278799709E+00 1.0584898223E+00 1.5610265948E-11 4.6230634957E-12 1.0584898223E+00 1.6278799709E+00 -1.8589857429E-11 3.5816957358E-12 3.4648683478E-11 3.6892066821E-11 1.2001603093E+00 -2.9867662708E-01 1.1734562283E-11 8.4002886228E-12 2.9867662708E-01 1.2001603093E+00
130.00 1.6368588539E+00 1.1090110558E+00 1.4663984039E-11 3.7068790878E-12 1.1090110558E+00 1.6368588539E+00 -1.7748633487E-11 4.5621065582E-12 3.4532866536E-11 3.6865405347E-11 1.1536571403E+00 -3.4420428296E-01 1.1177126512E-11 8.0896441986E-12 3.4420428296E-01 1.1536571403E+00
131.00 1.6438554325E+00 1.1573090265E+00 1.3664185053E-11 2.8418965255E-12 1.1573090265E+00 1.6438554325E+00 -1.6842092501E-11 5.4869437024E-12 3.4355419673E-11 3.6762539716E-11 1.1004779149E+00 -3.8967275898E-01 1.0639876166E-11 7.8098528376E-12 3.8967275898E-01 1.1004779149E+00
132.00 1.6490888465E+00 1.2030806498E+00 1.2617034044E-11 2.0291132284E-12 1.2030806498E+00 1.6490888465E+00 -1.5877961359E-11 6.3546574269E-12 3.4119217640E-11 3.6587024953E-11 1.0407086972E+00 -4.3476014217E-01 1.0122619852E-11 7.5605905537E-12 4.3476014217E-01 1.0407086972E+00
133.00 1.6528114388E+00 1.2460272851E+00 1.1529442124E-11 1.2697915823E-12 1.2460272851E+00 1.6528114388E+00 -1.4863394373E-11 7.1644454729E-12 3.3827342585E-11 3.6342173924E-11 9.7448679141E-01 -4.7914209826E-01 9.6253079032E-12 7.3410774370E-12 4.7914209826E-01 9.7448679141E-01
134.00 1.6553041163E+00 1.2858579594E+00 1.0408692329E-11 5.6497977662E-13 1.2858579594E+00 1.6553041163E+00 -1.3805342125E-11 7.9158679486E-12 3.3483027596E-11 3.6031328877E-11 9.0199814163E-01 -5.2249438078E-01 9.1477187500E-12 7.1502162989E-12 5.2249438078E-01 9.0199814163E-01
135.00 1.6568714319E+00 1.3222926156E+00 9.2622418649E-12 -8.4598292964E-14 1.3222926156E+00 1.6568714319E+00 -1.2710664947E-11 8.6085463236E-12 3.3089459277E-11 3.5657769689E-11 8.2347437936E-01 -5.6449546232E-01 8.6896011129E-12 6.9868974177E-12 5.6449546232E-01 8.2347437936E-01
136.00 1.6578364546E+00 1.3550653380E+00 8.0967966515E-12 -6.7949439281E-13 1.3550653380E+00 1.6578364546E+00 -1.1586994429E-11 9.2415177110E-12 3.2649927041E-11 3.5225012633E-11 7.3918955904E-01 -6.0482926169E-01 8.2499546912E-12 6.8499805843E-12 6.0482926169E-01 7.3918955904E-01
137.00 1.6585354948E+00 1.3839275106E+00 6.9194015380E-12 -1.2180324952E-12 1.3839275106E+00 1.6585354948E+00 -1.0441506120E-11 9.8163972730E-12 3.2167208326E-11 3.4736777343E-11 6.4945662550E-01 -6.4318793877E-01 7.8284335732E-12 6.7375773225E-12 6.4318793877E-01 6.4945662550E-01
138.00 1.6593127508E+00 1.4086508619E+00 5.7368665433E-12 -1.7017406672E-12 1.4086508619E+00 1.6593127508E+00 -9.2814940093E-12 1.0332133073E-11 3.1644709252E-11 3.4196350233E-11 5.5462365711E-01 -6.7927472599E-01 7.4237061600E-12 6.6483240994E-12 6.7927472599E-01 5.5462365711E-01
139.00 1.6605149452E+00 1.4290303566E+00 4.5560375844E-12 -2.1304080688E-12 1.4290303566E+00 1.6605149452E+00 -8.1140755297E-12 1.0789787506E-11 3.1085443272E-11 3.3607374349E-11 4.5506992948E-01 -7.1280676393E-01 7.0349757094E-12 6.5804008322E-12 7.1280676393E-01 4.5506992948E-01
140.00 1.6624860134E+00 1.4448868923E+00 3.3842397739E-12 -2.5036511878E-12 1.4448868923E+00 1.6624860134E+00 -6.9454966038E-12 1.1191054763E-11 3.0492260985E-11 3.2973443747E-11 3.5120184467E-01 -7.4351790678E-01 6.6612652396E-12 6.5315177166E-12 7.4351790678E-01 3.5120184467E-01
141.00 1.6655619093E+00 1.4560697675E+00 2.2267336775E-12 -2.8240193849E-12 1.4560697675E+00 1.6655619093E+00 -5.7837836076E-12 1.1535028479E-11 2.9868337522E-11 3.2297693300E-11 2.4344877084E-01 -7.7116146285E-01 6.3008143238E-12 6.5001893415E-12 7.7116146285E-01 2.4344877084E-01
142.00 1.6700655872E+00 1.4624588867E+00 1.0909079318E-12 -3.0907553217E-12 1.4624588867E+00 1.6700655872E+00 -4.6344470325E-12 1.1824546688E-11 2.9216343037E-11 3.1583924695E-11 1.3225883694E-01 -7.9551283473E-01 5.9527091043E-12 6.4838493270E-12 7.9551283473E-01 1.3225883694E-01
143.00 1.6763022184E+00 1.4639666754E+00 -1.7968943445E-14 -3.3061870905E-12 1.4639666754E+00 1.6763022184E+00 -3.5046306586E-12 1.2059644120E-11 2.8539307479E-11 3.0835231220E-11 1.8094725854E-02 -8.1637202400E-01 5.6152465228E-12 6.4805738096E-12 8.1637202400E-01 1.8094725854E-02
144.00 1.6845546943E+00 1.4605396799E+00 -1.0936207994E-12 -3.4711465069E-12 1.4605396799E+00 1.6845546943E+00 -2.3999869239E-12 1.2242140159E-11 2.7839800102E-11 3.0054943541E-11 -9.8570491182E-02 -8.3356596598E-01 5.2871578646E-12 6.4879846761E-12 8.3356596598E-01 -9.8570491182E-02
145.00 1.6950794670E+00 1.4521598336E+00 -2.1306136749E-12 -3.5862501464E-12 1.4521598336E+00 1.6950794670E+00 -1.3264101188E-12 1.2374393520E-11 2.7120225251E-11 2.9246552190E-11 -2.1725743837E-01 -8.4695066127E-01 4.9668426550E-12 6.5038144717E-12 8.4695066127E-01 -2.1725743837E-01
146.00 1.7081027712E+00 1.4388453729E+00 -3.1243181285E-12 -3.6542017572E-12 1.4388453729E+00 1.7081027712E+00 -2.9000885860E-13 1.2456905466E-11 2.6383421003E-11 2.8412837489E-11 -3.3748439810E-01 -8.5641307258E-01 4.6526781709E-12 6.5258737746E-12 8.5641307258E-01 -3.3748439810E-01
147.00 1.7238172676E+00 1.4206513945E+00 -4.0694837030E-12 -3.6761398393E-12 1.4206513945E+00 1.7238172676E+00 7.0440116987E-13 1.2491956824E-11 2.5631598393E-11 2.7556982449E-11 -4.5877111604E-01 -8.6187275762E-01 4.3431958904E-12 6.5517455393E-12 8.6187275762E-01 -4.5877111604E-01
148.00 1.7423791422E+00 1.3976700464E+00 -4.9618535234E-12 -3.6534466842E-12 1.3976700464E+00 1.7423791422E+00 1.6516706164E-12 1.2481772096E-11 2.4866903399E-11 2.6681942647E-11 -5.8064241447E-01 -8.6328321138E-01 4.0367496453E-12 6.5792975589E-12 8.6328321138E-01 -5.8064241447E-01
149.00 1.7639056909E+00 1.3700303525E+00 -5.7969827838E-12 -3.5885345555E-12 1.3700303525E+00 1.7639056909E+00 2.5476334875E-12 1.2427722484E-11 2.4091581007E-11 2.5790467128E-11 -7.0263158260E-01 -8.6063289421E-01 3.7319507358E-12 6.6060328381E-12 8.6063289421E-01 -7.0263158260E-01
150.00 1.7884734118E+00 1.3378976738E+00 -6.5716621962E-12 -3.4832350690E-12 1.3378976738E+00 1.7884734118E+00 3.3876051285E-12 1.2331952675E-11 2.3307740490E-11 2.4885211769E-11 -8.2428351590E-01 -8.5394592594E-01 3.4272359168E-12 6.6299474141E-12 8.5394592594E-01 -8.2428351590E-01
151.00 1.8161166233E+00 1.3014728129E+00 -7.2822728419E-12 -3.3391441794E-12 1.3014728129E+00 1.8161166233E+00 4.1680937903E-12 1.2196837944E-11 2.2516987532E-11 2.3968797552E-11 -9.4515757982E-01 -8.4328242955E-01 3.1211179493E-12 6.6488592067E-12 8.4328242955E-01 -9.4515757982E-01
152.00 1.8468266191E+00 1.2609907743E+00 -7.9262980998E-12 -3.1589005236E-12 1.2609907743E+00 1.8468266191E+00 4.8853467528E-12 1.2023888911E-11 2.1721348982E-11 2.3043389504E-11 -1.0648301771E+00 -8.2873851249E-01 2.8123133448E-12 6.6606284602E-12 8.2873851249E-01 -1.0648301771E+00
153.00 1.8805513644E+00 1.2167191937E+00 -8.5005483994E-12 -2.9436772983E-12 1.2167191937E+00 1.8805513644E+00 5.5371318292E-12 1.1816155700E-11 2.0921947476E-11 2.2111784431E-11 -1.1828970019E+00 -8.1044587780E-01 2.4994346110E-12 6.6633965906E-12 8.1044587780E-01 -1.1828970019E+00
154.00 1.9171957334E+00 1.1689564563E+00 -9.0038422888E-12 -2.6961579181E-12 1.1689564563E+00 1.9171957334E+00 6.1199894680E-12 1.1575149828E-11 2.0120623642E-11 2.1175550053E-11 -1.2989749668E+00 -7.8857106168E-01 2.1812329776E-12 6.6553192356E-12 7.8857106168E-01 -1.2989749668E+00
155.00 1.9566222810E+00 1.1180295241E+00 -9.4339221950E-12 -2.4184680786E-12 1.1180295241E+00 1.9566222810E+00 6.6324886708E-12 1.1302970300E-11 1.9318436090E-11 2.0236937432E-11 -1.4127037958E+00 -7.6331429883E-01 1.8567547866E-12 6.6343833472E-12 7.6331429883E-01 -1.4127037958E+00
156.00 1.9986525342E+00 1.0642914963E+00 -9.7898589401E-12 -2.1124305447E-12 1.0642914963E+00 1.9986525342E+00 7.0727214051E-12 1.1002130496E-11 1.8516584857E-11 1.9297820445E-11 -1.5237472767E+00 -7.3490802150E-01 1.5248603772E-12 6.5992274262E-12 7.3490802150E-01 -1.5237472767E+00
157.00 2.0430687876E+00 1.0081189285E+00 -1.0071143562E-11 -1.7799946368E-12 1.0081189285E+00 2.0430687876E+00 7.4391386865E-12 1.0674789282E-11 1.7716074489E-11 1.8359633954E-11 -1.6317941736E+00 -7.0361500255E-01 1.1844709655E-12 6.5484123937E-12 7.0361500255E-01 -1.6317941736E+00
158.00 2.0896163753E+00 9.4990893941E-01 -1.0277070871E-11 -1.4236540080E-12 9.4990893941E-01 2.0896163753E+00 7.7313717609E-12 1.0322769792E-11 1.6917701091E-11 1.7424100697E-11 -1.7365588031E+00 -6.6972615764E-01 8.3518915859E-13 6.4803993020E-12 6.6972615764E-01 -1.7365588031E+00
159.00 2.1380063933E+00 8.9007613339E-01 -1.0408018594E-11 -1.0453358847E-12 8.9007613339E-01 2.1380063933E+00 7.9487426696E-12 9.9481197880E-12 1.6122212466E-11 1.6492353940E-11 -1.8377812826E+00 -6.3355802568E-01 4.7620557948E-13 6.3939649081E-12 6.3355802568E-01 -1.8377812826E+00
160.00 2.1879188355E+00 8.2904936918E-01 -1.0464283257E-11 -6.4664758054E-13 8.2904936918E-01 2.1879188355E+00 8.0915729131E-12 9.5533710822E-12 1.5329954340E-11 1.5565877893E-11 -1.9352274620E+00 -5.9544995116E-01 1.0686502304E-13 6.2883574719E-12 5.9544995116E-01 -1.9352274620E+00
161.00 2.2390061061E+00 7.6726840649E-01 -1.0447351133E-11 -2.3045458748E-13 7.6726840649E-01 2.2390061061E+00 8.1597866500E-12 9.1396468627E-12 1.4541842584E-11 1.4645168372E-11 -2.0286885546E+00 -5.5576099538E-01 -2.7270691450E-13 6.1622728029E-12 5.5576099538E-01 -2.0286885546E+00
162.00 2.2908968663E+00 7.0518046127E-01 -1.0357920036E-11 2.0247657798E-13 7.0518046127E-01 2.2908968663E+00 8.1550130231E-12 8.7100559234E-12 1.3757512236E-11 1.3731829089E-11 -2.1179804875E+00 -5.1486660754E-01 -6.6335613849E-13 6.0156347570E-12 5.1486660754E-01 -2.1179804875E+00
163.00 2.3432001667E+00 6.4323670119E-01 -1.0198267523E-11 6.4917055693E-13 6.4323670119E-01 2.3432001667E+00 8.0779841876E-12 8.2652848164E-12 1.2977623581E-11 1.2825956761E-11 -2.2029429926E+00 -4.7315508971E-01 -1.0644990248E-12 5.8471688798E-12 4.7315508971E-01 -2.2029429926E+00
164.00 2.3955098195E+00 5.8188871255E-01 -9.9702766140E-12 1.1087093207E-12 5.8188871255E-01 2.3955098195E+00 7.9306835953E-12 7.8082230769E-12 1.2201872321E-11 1.1928521530E-11 -2.2834384656E+00 -4.3102389220E-01 -1.4765914397E-12 5.6572804704E-12 4.3102389220E-01 -2.2834384656E+00
165.00 2.4474089557E+00 5.2158496908E-01 -9.6765016362E-12 1.5788768327E-12 5.2158496908E-01 2.4474089557E+00 7.7151754600E-12 7.3400313101E-12 1.1430247090E-11 1.1039842526E-11 -2.3593506194E+00 -3.8887577873E-01 -1.8991045661E-12 5.4453172304E-12 3.8887577873E-01 -2.3593506194E+00
166.00 2.4984747155E+00 4.6276733250E-01 -9.3200196368E-12 2.0579891313E-12 4.6276733250E-01 2.4984747155E+00 7.4336690531E-12 6.8625195205E-12 1.0662686118E-11 1.0160028759E-11 -2.4305829640E+00 -3.4711490195E-01 -2.3316468875E-12 5.2114098418E-12 3.4711490195E-01 -2.4305829640E+00
167.00 2.5482830170E+00 4.0586761352E-01 -8.9037234054E-12 2.5448793234E-12 4.0586761352E-01 2.5482830170E+00 7.0892936128E-12 6.3777199589E-12 9.8985597822E-12 9.2895369906E-12 -2.4970571442E+00 -3.0614283193E-01 -2.7740398014E-12 4.9560044021E-12 3.0614283193E-01 -2.4970571442E+00
168.00 2.5964133459E+00 3.5130422097E-01 -8.4313219030E-12 3.0372582183E-12 3.5130422097E-01 2.5964133459E+00 6.6850018272E-12 5.8864917929E-12 9.1376737002E-12 8.4281596631E-12 -2.5587111686E+00 -2.6635458054E-01 -3.2250180115E-12 4.6788732680E-12 2.6635458054E-01 -2.5587111686E+00
169.00 2.6424535127E+00 2.9947892507E-01 -7.9066935431E-12 3.5340072365E-12 2.9947892507E-01 2.6424535127E+00 6.2242624767E-12 5.3907005625E-12 8.3795293267E-12 7.5758537895E-12 -2.6154975654E+00 -2.2813466522E-01 -3.6840828572E-12 4.3808108378E-12 2.2813466522E-01 -2.6154975654E+00
170.00 2.6860043202E+00 2.5077375965E-01 -7.3336447447E-12 4.0339293284E-12 2.5077375965E-01 2.6860043202E+00 5.7110342581E-12 4.8919966532E-12 7.6232425277E-12 6.7325884973E-12 -2.6673814984E+00 -1.9185325547E-01 -4.1504790797E-12 4.0626552694E-12 1.9185325547E-01 -2.6673814984E+00
171.00 2.7266840887E+00 2.0554808639E-01 -6.7168485142E-12 4.5352990812E-12 2.0554808639E-01 2.7266840887E+00 5.1491517963E-12 4.3914372728E-12 6.8684679980E-12 5.8978546358E-12 -2.7143388795E+00 -1.5786244455E-01 -4.6228382012E-12 3.7249550589E-12 1.5786244455E-01 -2.7143388795E+00
172.00 2.7641329856E+00 1.6413584232E-01 -6.0606898193E-12 5.0371189894E-12 1.6413584232E-01 2.7641329856E+00 4.5428870538E-12 3.8904662519E-12 6.1142564309E-12 5.0712073031E-12 -2.7563545105E+00 -1.2649268770E-01 -5.1002548734E-12 3.3687697469E-12 1.2649268770E-01 -2.7563545105E+00
173.00 2.7980171096E+00 1.2684299027E-01 -5.3699588645E-12 5.5379637290E-12 1.2684299027E-01 2.7980171096E+00 3.8969540252E-12 3.3902289656E-12 5.3598444000E-12 4.2523325397E-12 -2.7934202884E+00 -9.8049446535E-02 -5.5812654931E-12 2.9950838241E-12 9.8049446535E-02 -2.7934202884E+00
174.00 2.8280322831E+00 9.3945190039E-02 -4.6497351260E-12 6.0366268722E-12 9.3945190039E-02 2.8280322831E+00 3.2158951642E-12 2.8917994598E-12 4.6044984021E-12 3.4404636086E-12 -2.8255335051E+00 -7.2810076954E-02 -6.0644684899E-12 2.6049911412E-12 7.2810076954E-02 -2.8255335051E+00
175.00 2.8539075077E+00 6.5685706099E-02 -3.9050404378E-12 6.5321217890E-12 6.5685706099E-02 2.8539075077E+00 2.5046757879E-12 2.3964066611E-12 3.8472504798E-12 2.6350024213E-12 -2.8526952709E+00 -5.1020995424E-02 -6.5485271038E-12 2.1998898891E-12 5.1020995424E-02 -2.8526952709E+00
176.00 2.8754080445E+00 4.2273565996E-02 -3.1410097175E-12 7.0233467333E-12 4.2273565996E-02 2.8754080445E+00 1.7683826659E-12 1.9050578395E-12 3.0870978925E-12 1.8352557722E-12 -2.8749090902E+00 -3.2895155241E-02 -7.0318761527E-12 1.7811156949E-12 3.2895155241E-02 -2.8749090902E+00
177.00 2.8923380828E+00 2.3881981528E-02 -2.3631096398E-12 7.5094682751E-12 2.3881981528E-02 2.8923380828E+00 1.0122325257E-12 1.4189305484E-12 2.3232541030E-12 1.0404898043E-12 -2.8921796122E+00 -1.8609861141E-02 -7.5131120989E-12 1.3503042799E-12 1.8609861141E-02 -2.8921796122E+00
178.00 2.9045429662E+00 1.0647043002E-02 -1.5766861189E-12 7.9893163344E-12 1.0647043002E-02 2.9045429662E+00 2.4152389145E-13 9.3869911556E-13 1.5547413268E-12 2.4990443991E-13 -2.9045115787E+00 -8.3049467416E-03 -7.9904072024E-12 9.0870833334E-13 8.3049467416E-03 -2.9045115787E+00
179.00 2.9119109522E+00 2.6666949780E-03 -7.8714782249E-13 8.4620661882E-12 2.6666949780E-03 2.9119109522E+00 -5.3848644030E-13 4.6544746656E-13 7.8060671299E-13 -5.3743852010E-13 -2.9119089873E+00 -2.0813353082E-03 -8.4622035981E-12 4.5808245441E-13 2.0813353082E-03 -2.9119089873E+00
180.00 2.9143744825E+00 -1.5543122345E-15 -1.1819578850E-17 8.9268422310E-12 -1.5543122345E-15 2.9143744825E+00 -1.3223022481E-12 2.0261298846E-17 1.1819578850E-17 -1.3223022481E-12 -2.9143744825E+00 -3.3306690739E-16 -8.9268422310E-12 2.0261298852E-17 3.3306690739E-16 -2.9143744825E+00
